lrb_g_rrb h 1.25 1.0,1.0,1.0,2.0
g_rrb f 1.2 1.0,1.0,1.0,1.0,2.0
lrb_g_rrb 7 1.4 1.0,1.0,1.0,1.0,3.0
ii 2 2.8 1.0,1.0,2.0,5.0,5.0
113 21 1.6 1.0,1.0,2.0,2.0,2.0
133 2 1.2 1.0,1.0,1.0,1.0,2.0
g_rrb h 1.0 1.0,1.0,1.0,1.0,1.0
132 21 1.2 1.0,1.0,1.0,1.0,2.0
lrb_rrb  1.8 1.0,1.0,1.0,3.0,3.0
114 21 1.0 1.0,1.0,1.0,1.0,1.0
3 iii 3.2 1.0,2.0,4.0,4.0,5.0
37 1 1.8 1.0,2.0,2.0,2.0,2.0
123 21 1.2 1.0,1.0,1.0,1.0,2.0
104 2 1.4 1.0,1.0,1.0,2.0,2.0
104 1 1.6 1.0,1.0,2.0,2.0,2.0
lrb_a_rrb 1 1.2 1.0,1.0,1.0,1.0,2.0
131 21 2.0 1.0,2.0,2.0,2.0,3.0
ii second 2.4 1.0,1.0,2.0,4.0,4.0
124 21 1.8 1.0,2.0,2.0,2.0,2.0
103 2 1.6 1.0,1.0,1.0,2.0,3.0
103 1 1.6 1.0,1.0,1.0,2.0,3.0
2 3 2.0 1.0,1.0,2.0,4.0
3 2 1.4 1.0,1.0,1.0,2.0,2.0
lrb_l_rrb 1 1.8 1.0,1.0,1.0,3.0,3.0
133 1 1.2 1.0,1.0,1.0,1.0,2.0
2 1 1.75 1.0,2.0,2.0,2.0
2 ii 2.0 1.0,1.0,1.0,2.0,5.0
